36
20 8 0 0 19 0 0 35 36 23 18 2 0 30 0 10 25 0 0 16 0 17 33 7 0 0 0 28 0 11 0 12 6 0 0 0
0 6 0 5 33 23 0 0 0 0 0 0 15 32 3 0 0 0 28 0 18 24 2 0 0 0 31 26 0 0 25 29 0 36 22 0
0 0 28 0 0 0 0 21 14 0 8 5 0 0 12 0 22 19 27 32 23 0 29 0 0 0 0 3 2 0 17 15 0 0 0 0
31 0 0 0 4 0 29 11 0 3 26 0 0 23 0 0 0 17 0 30 35 0 22 15 27 0 0 7 5 8 18 0 0 33 19 34
35 34 0 0 14 0 28 0 16 31 0 0 0 36 0 1 0 4 0 9 3 21 10 0 18 6 0 0 0 29 0 26 0 0 7 11
0 32 0 17 13 0 15 0 24 0 20 0 0 18 14 31 34 0 0 4 0 0 0 26 0 12 0 0 16 19 21 23 0 2 3 0
7 0 0 20 0 36 10 0 32 11 0 0 35 26 0 18 0 30 14 0 16 28 0 0 1 9 13 29 0 0 0 0 0 0 0 0
0 0 33 0 0 19 0 0 0 0 0 7 17 0 11 0 15 0 35 0 0 10 13 0 16 0 0 14 0 0 32 0 22 0 31 29
32 22 23 6 27 0 0 0 0 34 5 19 12 2 0 3 20 13 0 0 0 30 15 11 0 24 0 0 0 21 0 0 1 9 0 4
0 5 0 0 0 9 2 0 0 14 0 1 0 19 36 23 33 21 31 26 6 22 0 0 0 0 30 0 15 20 16 24 0 0 0 0
0 0 13 0 0 30 0 22 0 33 25 0 1 0 0 0 6 0 34 36 17 2 9 5 0 19 27 0 0 18 0 14 12 0 15 3
24 0 0 15 0 8 9 6 0 0 28 0 10 16 31 22 0 0 0 0 0 0 27 0 7 0 0 5 0 34 0 21 30 17 36 0
14 9 20 0 25 0 0 16 0 32 15 0 0 0 0 11 27 0 0 0 13 12 30 17 19 2 34 0 22 1 3 33 24 0 10 0
0 0 36 34 8 35 23 3 0 19 9 0 4 0 33 0 0 26 5 0 0 0 0 2 14 28 0 15 10 0 30 6 29 0 18 0
0 15 0 0 30 0 1 0 33 0 31 35 0 0 21 0 0 2 0 19 0 0 34 0 11 29 0 0 6 0 12 4 9 0 0 17
21 0 0 1 0 29 0 0 30 8 2 11 23 22 0 0 32 0 15 0 25 0 0 0 9 0 24 16 13 0 0 0 31 19 0 0
11 0 3 0 0 17 21 28 27 6 0 0 20 0 1 25 0 16 9 0 0 0 0 0 0 30 18 0 32 36 0 0 0 0 2 22
13 4 2 0 32 0 0 7 17 0 14 29 0 0 0 0 9 28 24 0 0 3 0 6 0 8 21 0 27 0 0 0 36 25 16 0
0 20 26 10 0 0 0 30 0 35 23 0 2 0 4 0 0 25 17 31 0 0 0 0 3 1 0 21 18 0 0 32 0 34 9 16
19 18 0 0 0 0 25 26 0 9 11 0 0 0 0 0 0 20 7 0 22 34 0 1 0 0 35 31 36 4 29 0 0 8 0 10
0 0 30 14 0 0 0 20 15 21 0 33 0 0 0 9 0 3 0 27 0 0 24 4 26 5 19 22 0 0 1 0 25 0 0 31
1 0 0 33 12 31 0 8 0 0 10 4 0 13 0 0 16 0 19 0 0 15 0 0 17 34 0 2 0 25 0 30 0 0 14 0
0 16 0 28 21 22 0 31 13 0 17 3 34 0 0 0 0 29 33 0 0 25 0 20 0 32 10 0 8 12 6 27 7 18 0 0
0 17 0 24 6 3 5 36 0 1 32 34 21 35 8 12 0 0 0 29 9 0 0 0 0 14 33 0 28 0 0 22 0 15 11 20
0 7 19 13 20 0 24 0 11 0 0 30 0 12 0 0 0 0 0 0 34 8 25 33 0 22 0 0 26 16 14 0 10 0 0 18
3 1 0 25 16 0 8 0 0 26 29 0 14 21 13 4 24 10 0 6 0 0 0 23 0 33 15 0 7 0 22 0 0 27 0 0
0 0 0 0 10 2 13 4 0 17 0 0 0 0 26 35 30 22 3 28 11 27 7 0 12 0 32 0 0 24 34 0 0 0 23 0
26 0 22 8 0 0 31 0 0 0 3 0 6 9 20 0 0 0 16 2 15 0 17 30 34 4 11 0 0 0 0 25 5 13 1 24
34 24 0 27 0 32 0 0 20 0 0 28 0 3 23 0 0 5 0 13 0 29 0 12 30 0 0 0 0 0 4 0 0 11 0 0
0 0 0 0 0 0 0 0 23 15 6 16 0 0 25 34 0 32 22 0 1 0 35 14 0 0 20 10 0 13 9 0 8 0 0 28
0 3 27 0 22 13 34 25 0 0 21 0 32 0 0 0 19 0 0 14 26 1 4 0 0 36 0 8 0 5 0 20 16 0 33 0
12 25 0 0 9 0 4 0 0 0 1 15 0 28 27 26 21 0 2 0 31 0 5 0 0 0 16 33 0 32 0 3 0 0 34 23
33 23 8 0 0 20 11 12 22 0 0 26 3 14 0 2 17 0 13 0 0 0 32 0 0 35 25 0 19 10 0 1 0 0 0 21
0 0 0 0 24 16 0 23 5 0 0 0 0 10 0 20 1 12 11 15 0 33 0 0 2 18 0 34 17 0 0 0 0 32 0 0
0 10 34 0 17 1 0 0 9 20 0 0 0 8 5 33 0 23 0 0 0 7 3 16 0 0 0 0 0 0 31 2 35 0 6 0
0 0 0 11 29 0 3 0 8 0 0 0 31 4 16 0 35 0 0 17 10 0 36 0 24 20 7 12 1 0 0 13 0 0 30 19